16.2
12.7
30.4
58.9
67.2
47.6
45.9
32.5
39.8
37.8
49.3
48.6
52.6
47
48
52.9
61.7
56.8
63.8
64.1
55.2
50.4
49.9
39.7
55.3
57.3
57.5
49.9
46.7
42
32.9
29.6
31.1
27.4
22.2
13.1
20.5
12.2
7.5
19.2
15.8
10.3
12.3
9.7
8.4
2
6.5
5.1
3.2
2.5
0
0.9
0.8
0
0
0
0
0
0.2
0.4
0.2
0.2
0
0
0
0
0
0
0
0
0
0
0
0
0
0
0.5
0.3
0.1
0
0.8
0.9
1.2
0.6
0.6
0.9
0.6
0
0.3
0
0
0.1
0.3
0.1
0.2
0.2
0.4
0.2
0.6
0
0
0.4
0
0
0.9
0
0.1
0.4
1.1
0.2
1.7
2.3
1
3
3.8
2.6
3.6
0.8
2.4
0.2
1.2
0
1.7
2
2.9
3.7
3
9
9.4
8
7.4
9.2
6.1
8.2
2.8
1.1
4.8
8.1
10.4
8.8
9.3
4.9
10.4
14.4
22
25.7
48.9
51.3
51.7
52.1
53.5
53.4
56.6
58.3
61.9
60.5
69.4
59.5
57.4
59.7
49.9
46.6
37.9
33
38
31.8
33.8
26.7
36.6
41
33.3
39.3
42.3
38.8
41.6
54.1
63.9
61.5
54.1
50.5
43
43.6
46.5
45.3
47.1
35.2
33.8
25
23.2
24.7
16.1
23
36.1
40.1
28
21.8
20.4
21.6
33.8
23.6
30.6
27.7
23.6
38.8
38.4
42
44
52.5
59.5
58.8
67.1
76.6
84
81
76.6
78.1
77.8
70.9
70.3
70.7
72
69.7
68.5
67
68
73.7
78.2
78.2
67
64.1
68.7
70.7
71
66.6
65.8
67.7
67.8
66.4
65.8
70.9
69.3
67.2
71.9
68.2
71.3
72.3
68.9
71.3
68.8
75
72.3
72
80.8
84.2
79.1
71.3
69.8
60.1
52.1
43.8
23.1
22.7
29.6
27
24.2
27.3
24.1
20.1
33.7
15.2
31.5
46
29.7
41.5
66.7
78.7
71.8
81.7
68.6
71.7
73.5
75.2
75.7
90.3
76.4
76.5
70.4
71.4
74
67
67.6
72.1
65.2
68.1
67.6
66.7
68
73.1
71.4
68.1
72.2
72
70.5
64.1
65.9
61.6
54.5
54.3
58
58.9
62.7
63.8
59.7
57.8
53.3
52.6
48.6
32.4
34.3
30.9
27.1
30.1
21.3
12.4
8.9
7
15.3
36.8
30.3
31.9
54.6
57
57.4
60.2
63.3
63.3
68.8
66.2
75.3
75.1
71.7
64.9
64
61.8
62.8
57.8
54
56.8
54.5
45.3
48.6
51.2
50
48.6
39.3
38
44.7
41.6
39.3
41.8
40.7
55.5
78.2
82.4
87.7
90.3
89.6
82.5
81.7
72.8
65.6
52
60.3
53.1
59.7
59.7
54.8
50
50.6
45.7
38.6
28.6
23.5
23.6
20.2
19.8
30.7
49.1
45.8
50
41.9
42.7
48.2
41
32.7
25.2
27.3
31.9
32.8
27.5
27.7
35.2
50.5
48.8
47
58.2
53.8
53.8
38.9
35.2
41.2
38.1
36.7
43.5
42.4
40.3
26.5
22.2
13.9
19.6
12.2
18.3
24
28.8
22.6
21
22.9
26.4
23.4
22.4
5.6
32.2
