0
30.99
31.72
29.38
30.39
30.96
31.19
29.84
30.09
27.98
30.43
28.26
27.12
27.69
29.02
28.01
25.15
25.1
26.98
25.65
26.67
25.59
25.7
25.78
25.04
24.74
26.03
26.38
24.54
25.63
23.47
25.1
23.3
25.85
23
22.26
25.98
28.35
30.91
28.69
40.92
38.3
38.23
72.73
74.92
74.36
73.87
86.75
84.17
84.38
90.06
91.17
92.3
87.89
88.03
94.96
86.37
87.68
88.7
86.56
86.67
89.49
88
88.69
88.36
89.21
89.19
90.23
91.16
92.52
90.76
92.85
90.57
94.04
93.33
92.76
95.04
92.58
95.97
93.87
95.95
97.03
94.72
95.72
95.35
95.82
98.81
95.35
97.15
98.56
98.65
99.86
97.26
98.64
97.17
97.36
101.04
99.3
100.88
98.09
100.76
99.99
100.11
101.43
100.37
103.47
90.37
90.84
91.6
88.9
91.9
89.16
56.11
53.87
52.83
45.37
42.49
42.57
43.03
43.17
45.43
38.89
38.51
38.54
39.23
35.76
39.19
35.34
38
34.46
36.3
37.59
34.73
33.48
34.36
32.77
34.84
32.15
33.94
34.73
31.5
33.86
32.83
32.77
32.67
29.92
29.12
30.77
30.07
31.43
28.21
27.52
30.12
29.77
26.67
28.32
26.47
27.8
27.15
27.64
24.53
26.7
26.42
26.79
25.34
27.04
23.72
26.28
24.52
23.13
23.04
25.68
24.04
23.59
22.56
23.49
24.86
24.07
25.57
24.27
25.65
28.47
28.38
27.39
37.94
40.74
41.05
74
74.33
75.48
75.3
84.97
83.98
84.4
92.93
92.58
90.92
88.61
88.35
95.74
109
106.81
110.15
106.82
107.63
110.73
108.57
108.55
112.15
110.14
109.42
113.17
112.71
117.56
116.59
116.55
112.99
114.16
112.81
114.48
114.65
113.53
126.87
125.55
120.03
120.2
117.02
116.35
117.32
118.35
119.16
119.49
116.84
116.76
118.53
118.21
119.71
119.65
117.42
120.98
118.02
118.06
121.46
120.05
121.72
118.86
120.1
118.64
121.25
103.72
89.9
91.68
88.98
87.93
90.61
90.79
54.35
52.68
55.46
43.98
42.83
43.28
42.87
43.44
42.71
29.21
29.12
25.54
27.03
27.87
28.19
26.23
25.07
26.55
26.45
26.26
24.42
26.42
26.06
24.85
24.18
23.66
23.56
23.12
23.7
21.25
21.37
19.42
19.38
18.33
20.28
17.86
18.52
19.61
18.2
16.51
17.69
17.5
18.33
18.42
18.32
17.4
17.91
16.42
15.9
15.14
15.87
15.64
21.92
18.43
18.18
19.8
20.11
17.66
19.75
19.12
20.92
20.94
17.44
18.63
23.24
25.87
23.01
23.88
26.07
30.87
30.95
30.1
37.72
41.14
41.51
75.24
74.26
75.74
76.09
85.25
84.76
87.49
91.74
92.36
91.49
87.48
86.87
97.42
107.5
117.76
120.31
122.45
122.57
142.87
165.52
165.21
167.58
164.94
167.56
165.19
168.34
166.73
174.45
173.84
175.47
189.82
202.61
202.87
205.04
205.75
205.37
170.76
173.09
172.79
173.74
171.27
171.16
172.29
173.82
172.69
172.79
175.46
174.1
172.31
175.07
174.12
175.04
174.37
168.3
160.61
161.53
161.38
145.62
139.84
141.8
128.34
124.18
103.26
90.37
90.99
88.79
90.93
91.44
91.32
52.93
53.29
52.7
43.7
43.97
42.07
44.66
42.85
40.98
38.98
36.77
37.41
36.21
37.22
36.55
37.36
34.21
34.71
34.94
35.15
33.1
33.44
33.82
34.93
33.35
32.04
34.02
32.96
32.78
31.94
32.65
28.67
